{
 "cells": [
  {
   "cell_type": "code",
   "execution_count": 1,
   "id": "dfacd38e",
   "metadata": {},
   "outputs": [],
   "source": [
    "import pandas as pd\n",
    "import numpy as np\n",
    "import matplotlib.pyplot as plt"
   ]
  },
  {
   "cell_type": "markdown",
   "id": "f3e998a1",
   "metadata": {},
   "source": [
    "# Load data and clean"
   ]
  },
  {
   "cell_type": "code",
   "execution_count": 40,
   "id": "770dae5c",
   "metadata": {},
   "outputs": [],
   "source": [
    "#https://www.kaggle.com/nathanlauga/nba-games/version/8?select=games.csv"
   ]
  },
  {
   "cell_type": "code",
   "execution_count": 2,
   "id": "b87449a4",
   "metadata": {
    "scrolled": true
   },
   "outputs": [
    {
     "data": {
      "text/html": [
       "<div>\n",
       "<style scoped>\n",
       "    .dataframe tbody tr th:only-of-type {\n",
       "        vertical-align: middle;\n",
       "    }\n",
       "\n",
       "    .dataframe tbody tr th {\n",
       "        vertical-align: top;\n",
       "    }\n",
       "\n",
       "    .dataframe thead th {\n",
       "        text-align: right;\n",
       "    }\n",
       "</style>\n",
       "<table border=\"1\" class=\"dataframe\">\n",
       "  <thead>\n",
       "    <tr style=\"text-align: right;\">\n",
       "      <th></th>\n",
       "      <th>GAME_DATE_EST</th>\n",
       "      <th>GAME_ID</th>\n",
       "      <th>GAME_STATUS_TEXT</th>\n",
       "      <th>HOME_TEAM_ID</th>\n",
       "      <th>VISITOR_TEAM_ID</th>\n",
       "      <th>SEASON</th>\n",
       "      <th>TEAM_ID_home</th>\n",
       "      <th>PTS_home</th>\n",
       "      <th>FG_PCT_home</th>\n",
       "      <th>FT_PCT_home</th>\n",
       "      <th>...</th>\n",
       "      <th>AST_home</th>\n",
       "      <th>REB_home</th>\n",
       "      <th>TEAM_ID_away</th>\n",
       "      <th>PTS_away</th>\n",
       "      <th>FG_PCT_away</th>\n",
       "      <th>FT_PCT_away</th>\n",
       "      <th>FG3_PCT_away</th>\n",
       "      <th>AST_away</th>\n",
       "      <th>REB_away</th>\n",
       "      <th>HOME_TEAM_WINS</th>\n",
       "    </tr>\n",
       "  </thead>\n",
       "  <tbody>\n",
       "    <tr>\n",
       "      <th>0</th>\n",
       "      <td>2021-11-17</td>\n",
       "      <td>22100213</td>\n",
       "      <td>Final</td>\n",
       "      <td>1610612766</td>\n",
       "      <td>1610612764</td>\n",
       "      <td>2021</td>\n",
       "      <td>1610612766</td>\n",
       "      <td>97.0</td>\n",
       "      <td>0.438</td>\n",
       "      <td>0.500</td>\n",
       "      <td>...</td>\n",
       "      <td>30.0</td>\n",
       "      <td>59.0</td>\n",
       "      <td>1610612764</td>\n",
       "      <td>87.0</td>\n",
       "      <td>0.367</td>\n",
       "      <td>0.813</td>\n",
       "      <td>0.190</td>\n",
       "      <td>23.0</td>\n",
       "      <td>48.0</td>\n",
       "      <td>1</td>\n",
       "    </tr>\n",
       "    <tr>\n",
       "      <th>1</th>\n",
       "      <td>2021-11-17</td>\n",
       "      <td>22100214</td>\n",
       "      <td>Final</td>\n",
       "      <td>1610612765</td>\n",
       "      <td>1610612754</td>\n",
       "      <td>2021</td>\n",
       "      <td>1610612765</td>\n",
       "      <td>97.0</td>\n",
       "      <td>0.425</td>\n",
       "      <td>0.750</td>\n",
       "      <td>...</td>\n",
       "      <td>16.0</td>\n",
       "      <td>42.0</td>\n",
       "      <td>1610612754</td>\n",
       "      <td>89.0</td>\n",
       "      <td>0.418</td>\n",
       "      <td>0.737</td>\n",
       "      <td>0.243</td>\n",
       "      <td>14.0</td>\n",
       "      <td>43.0</td>\n",
       "      <td>1</td>\n",
       "    </tr>\n",
       "    <tr>\n",
       "      <th>2</th>\n",
       "      <td>2021-11-17</td>\n",
       "      <td>22100215</td>\n",
       "      <td>Final</td>\n",
       "      <td>1610612737</td>\n",
       "      <td>1610612738</td>\n",
       "      <td>2021</td>\n",
       "      <td>1610612737</td>\n",
       "      <td>110.0</td>\n",
       "      <td>0.506</td>\n",
       "      <td>0.833</td>\n",
       "      <td>...</td>\n",
       "      <td>28.0</td>\n",
       "      <td>40.0</td>\n",
       "      <td>1610612738</td>\n",
       "      <td>99.0</td>\n",
       "      <td>0.440</td>\n",
       "      <td>0.824</td>\n",
       "      <td>0.268</td>\n",
       "      <td>24.0</td>\n",
       "      <td>42.0</td>\n",
       "      <td>1</td>\n",
       "    </tr>\n",
       "    <tr>\n",
       "      <th>3</th>\n",
       "      <td>2021-11-17</td>\n",
       "      <td>22100216</td>\n",
       "      <td>Final</td>\n",
       "      <td>1610612751</td>\n",
       "      <td>1610612739</td>\n",
       "      <td>2021</td>\n",
       "      <td>1610612751</td>\n",
       "      <td>109.0</td>\n",
       "      <td>0.458</td>\n",
       "      <td>0.840</td>\n",
       "      <td>...</td>\n",
       "      <td>29.0</td>\n",
       "      <td>47.0</td>\n",
       "      <td>1610612739</td>\n",
       "      <td>99.0</td>\n",
       "      <td>0.393</td>\n",
       "      <td>0.857</td>\n",
       "      <td>0.250</td>\n",
       "      <td>20.0</td>\n",
       "      <td>50.0</td>\n",
       "      <td>1</td>\n",
       "    </tr>\n",
       "    <tr>\n",
       "      <th>4</th>\n",
       "      <td>2021-11-17</td>\n",
       "      <td>22100217</td>\n",
       "      <td>Final</td>\n",
       "      <td>1610612748</td>\n",
       "      <td>1610612740</td>\n",
       "      <td>2021</td>\n",
       "      <td>1610612748</td>\n",
       "      <td>113.0</td>\n",
       "      <td>0.483</td>\n",
       "      <td>0.824</td>\n",
       "      <td>...</td>\n",
       "      <td>29.0</td>\n",
       "      <td>39.0</td>\n",
       "      <td>1610612740</td>\n",
       "      <td>98.0</td>\n",
       "      <td>0.440</td>\n",
       "      <td>0.786</td>\n",
       "      <td>0.286</td>\n",
       "      <td>18.0</td>\n",
       "      <td>38.0</td>\n",
       "      <td>1</td>\n",
       "    </tr>\n",
       "    <tr>\n",
       "      <th>...</th>\n",
       "      <td>...</td>\n",
       "      <td>...</td>\n",
       "      <td>...</td>\n",
       "      <td>...</td>\n",
       "      <td>...</td>\n",
       "      <td>...</td>\n",
       "      <td>...</td>\n",
       "      <td>...</td>\n",
       "      <td>...</td>\n",
       "      <td>...</td>\n",
       "      <td>...</td>\n",
       "      <td>...</td>\n",
       "      <td>...</td>\n",
       "      <td>...</td>\n",
       "      <td>...</td>\n",
       "      <td>...</td>\n",
       "      <td>...</td>\n",
       "      <td>...</td>\n",
       "      <td>...</td>\n",
       "      <td>...</td>\n",
       "      <td>...</td>\n",
       "    </tr>\n",
       "    <tr>\n",
       "      <th>25019</th>\n",
       "      <td>2014-10-06</td>\n",
       "      <td>11400007</td>\n",
       "      <td>Final</td>\n",
       "      <td>1610612737</td>\n",
       "      <td>1610612740</td>\n",
       "      <td>2014</td>\n",
       "      <td>1610612737</td>\n",
       "      <td>93.0</td>\n",
       "      <td>0.419</td>\n",
       "      <td>0.821</td>\n",
       "      <td>...</td>\n",
       "      <td>24.0</td>\n",
       "      <td>50.0</td>\n",
       "      <td>1610612740</td>\n",
       "      <td>87.0</td>\n",
       "      <td>0.366</td>\n",
       "      <td>0.643</td>\n",
       "      <td>0.375</td>\n",
       "      <td>17.0</td>\n",
       "      <td>43.0</td>\n",
       "      <td>1</td>\n",
       "    </tr>\n",
       "    <tr>\n",
       "      <th>25020</th>\n",
       "      <td>2014-10-06</td>\n",
       "      <td>11400004</td>\n",
       "      <td>Final</td>\n",
       "      <td>1610612741</td>\n",
       "      <td>1610612764</td>\n",
       "      <td>2014</td>\n",
       "      <td>1610612741</td>\n",
       "      <td>81.0</td>\n",
       "      <td>0.338</td>\n",
       "      <td>0.719</td>\n",
       "      <td>...</td>\n",
       "      <td>18.0</td>\n",
       "      <td>40.0</td>\n",
       "      <td>1610612764</td>\n",
       "      <td>85.0</td>\n",
       "      <td>0.411</td>\n",
       "      <td>0.636</td>\n",
       "      <td>0.267</td>\n",
       "      <td>17.0</td>\n",
       "      <td>47.0</td>\n",
       "      <td>0</td>\n",
       "    </tr>\n",
       "    <tr>\n",
       "      <th>25021</th>\n",
       "      <td>2014-10-06</td>\n",
       "      <td>11400005</td>\n",
       "      <td>Final</td>\n",
       "      <td>1610612747</td>\n",
       "      <td>1610612743</td>\n",
       "      <td>2014</td>\n",
       "      <td>1610612747</td>\n",
       "      <td>98.0</td>\n",
       "      <td>0.448</td>\n",
       "      <td>0.682</td>\n",
       "      <td>...</td>\n",
       "      <td>29.0</td>\n",
       "      <td>45.0</td>\n",
       "      <td>1610612743</td>\n",
       "      <td>95.0</td>\n",
       "      <td>0.387</td>\n",
       "      <td>0.659</td>\n",
       "      <td>0.500</td>\n",
       "      <td>19.0</td>\n",
       "      <td>43.0</td>\n",
       "      <td>1</td>\n",
       "    </tr>\n",
       "    <tr>\n",
       "      <th>25022</th>\n",
       "      <td>2014-10-05</td>\n",
       "      <td>11400002</td>\n",
       "      <td>Final</td>\n",
       "      <td>1610612761</td>\n",
       "      <td>1610612758</td>\n",
       "      <td>2014</td>\n",
       "      <td>1610612761</td>\n",
       "      <td>99.0</td>\n",
       "      <td>0.440</td>\n",
       "      <td>0.771</td>\n",
       "      <td>...</td>\n",
       "      <td>21.0</td>\n",
       "      <td>30.0</td>\n",
       "      <td>1610612758</td>\n",
       "      <td>94.0</td>\n",
       "      <td>0.469</td>\n",
       "      <td>0.725</td>\n",
       "      <td>0.385</td>\n",
       "      <td>18.0</td>\n",
       "      <td>45.0</td>\n",
       "      <td>1</td>\n",
       "    </tr>\n",
       "    <tr>\n",
       "      <th>25023</th>\n",
       "      <td>2014-10-04</td>\n",
       "      <td>11400001</td>\n",
       "      <td>Final</td>\n",
       "      <td>1610612748</td>\n",
       "      <td>1610612740</td>\n",
       "      <td>2014</td>\n",
       "      <td>1610612748</td>\n",
       "      <td>86.0</td>\n",
       "      <td>0.431</td>\n",
       "      <td>0.679</td>\n",
       "      <td>...</td>\n",
       "      <td>18.0</td>\n",
       "      <td>42.0</td>\n",
       "      <td>1610612740</td>\n",
       "      <td>98.0</td>\n",
       "      <td>0.462</td>\n",
       "      <td>0.706</td>\n",
       "      <td>0.438</td>\n",
       "      <td>19.0</td>\n",
       "      <td>42.0</td>\n",
       "      <td>0</td>\n",
       "    </tr>\n",
       "  </tbody>\n",
       "</table>\n",
       "<p>25024 rows × 21 columns</p>\n",
       "</div>"
      ],
      "text/plain": [
       "      GAME_DATE_EST   GAME_ID GAME_STATUS_TEXT  HOME_TEAM_ID  VISITOR_TEAM_ID  \\\n",
       "0        2021-11-17  22100213            Final    1610612766       1610612764   \n",
       "1        2021-11-17  22100214            Final    1610612765       1610612754   \n",
       "2        2021-11-17  22100215            Final    1610612737       1610612738   \n",
       "3        2021-11-17  22100216            Final    1610612751       1610612739   \n",
       "4        2021-11-17  22100217            Final    1610612748       1610612740   \n",
       "...             ...       ...              ...           ...              ...   \n",
       "25019    2014-10-06  11400007            Final    1610612737       1610612740   \n",
       "25020    2014-10-06  11400004            Final    1610612741       1610612764   \n",
       "25021    2014-10-06  11400005            Final    1610612747       1610612743   \n",
       "25022    2014-10-05  11400002            Final    1610612761       1610612758   \n",
       "25023    2014-10-04  11400001            Final    1610612748       1610612740   \n",
       "\n",
       "       SEASON  TEAM_ID_home  PTS_home  FG_PCT_home  FT_PCT_home  ...  \\\n",
       "0        2021    1610612766      97.0        0.438        0.500  ...   \n",
       "1        2021    1610612765      97.0        0.425        0.750  ...   \n",
       "2        2021    1610612737     110.0        0.506        0.833  ...   \n",
       "3        2021    1610612751     109.0        0.458        0.840  ...   \n",
       "4        2021    1610612748     113.0        0.483        0.824  ...   \n",
       "...       ...           ...       ...          ...          ...  ...   \n",
       "25019    2014    1610612737      93.0        0.419        0.821  ...   \n",
       "25020    2014    1610612741      81.0        0.338        0.719  ...   \n",
       "25021    2014    1610612747      98.0        0.448        0.682  ...   \n",
       "25022    2014    1610612761      99.0        0.440        0.771  ...   \n",
       "25023    2014    1610612748      86.0        0.431        0.679  ...   \n",
       "\n",
       "       AST_home  REB_home  TEAM_ID_away  PTS_away  FG_PCT_away  FT_PCT_away  \\\n",
       "0          30.0      59.0    1610612764      87.0        0.367        0.813   \n",
       "1          16.0      42.0    1610612754      89.0        0.418        0.737   \n",
       "2          28.0      40.0    1610612738      99.0        0.440        0.824   \n",
       "3          29.0      47.0    1610612739      99.0        0.393        0.857   \n",
       "4          29.0      39.0    1610612740      98.0        0.440        0.786   \n",
       "...         ...       ...           ...       ...          ...          ...   \n",
       "25019      24.0      50.0    1610612740      87.0        0.366        0.643   \n",
       "25020      18.0      40.0    1610612764      85.0        0.411        0.636   \n",
       "25021      29.0      45.0    1610612743      95.0        0.387        0.659   \n",
       "25022      21.0      30.0    1610612758      94.0        0.469        0.725   \n",
       "25023      18.0      42.0    1610612740      98.0        0.462        0.706   \n",
       "\n",
       "       FG3_PCT_away  AST_away  REB_away  HOME_TEAM_WINS  \n",
       "0             0.190      23.0      48.0               1  \n",
       "1             0.243      14.0      43.0               1  \n",
       "2             0.268      24.0      42.0               1  \n",
       "3             0.250      20.0      50.0               1  \n",
       "4             0.286      18.0      38.0               1  \n",
       "...             ...       ...       ...             ...  \n",
       "25019         0.375      17.0      43.0               1  \n",
       "25020         0.267      17.0      47.0               0  \n",
       "25021         0.500      19.0      43.0               1  \n",
       "25022         0.385      18.0      45.0               1  \n",
       "25023         0.438      19.0      42.0               0  \n",
       "\n",
       "[25024 rows x 21 columns]"
      ]
     },
     "execution_count": 2,
     "metadata": {},
     "output_type": "execute_result"
    }
   ],
   "source": [
    "df_nba_games = pd.read_csv('/home/dsc/repos/master-kschool/TFM/games.csv')\n",
    "df_nba_games"
   ]
  },
  {
   "cell_type": "code",
   "execution_count": 20,
   "id": "e3435763",
   "metadata": {},
   "outputs": [],
   "source": [
    "df_nba_games = df_nba_games.select_dtypes(include=np.number)"
   ]
  },
  {
   "cell_type": "code",
   "execution_count": 21,
   "id": "bb7441b5",
   "metadata": {},
   "outputs": [],
   "source": [
    "df_nba_games = df_nba_games.apply(lambda x: x.fillna(x.mean()),axis=0)"
   ]
  },
  {
   "cell_type": "code",
   "execution_count": 22,
   "id": "3ab7c30d",
   "metadata": {},
   "outputs": [],
   "source": [
    "target = df_nba_games[['HOME_TEAM_WINS']]"
   ]
  },
  {
   "cell_type": "code",
   "execution_count": 23,
   "id": "ef003555",
   "metadata": {},
   "outputs": [],
   "source": [
    "data = df_nba_games[['FG_PCT_home', 'FG_PCT_away', 'FG3_PCT_home', 'FG3_PCT_away']]"
   ]
  },
  {
   "cell_type": "markdown",
   "id": "2acc9e93",
   "metadata": {},
   "source": [
    "# Visualization"
   ]
  },
  {
   "cell_type": "code",
   "execution_count": 24,
   "id": "59d85a40",
   "metadata": {},
   "outputs": [],
   "source": [
    "import seaborn as sns"
   ]
  },
  {
   "cell_type": "code",
   "execution_count": 25,
   "id": "5f5e84cf",
   "metadata": {},
   "outputs": [
    {
     "data": {
      "text/html": [
       "<div>\n",
       "<style scoped>\n",
       "    .dataframe tbody tr th:only-of-type {\n",
       "        vertical-align: middle;\n",
       "    }\n",
       "\n",
       "    .dataframe tbody tr th {\n",
       "        vertical-align: top;\n",
       "    }\n",
       "\n",
       "    .dataframe thead th {\n",
       "        text-align: right;\n",
       "    }\n",
       "</style>\n",
       "<table border=\"1\" class=\"dataframe\">\n",
       "  <thead>\n",
       "    <tr style=\"text-align: right;\">\n",
       "      <th></th>\n",
       "      <th>GAME_ID</th>\n",
       "      <th>HOME_TEAM_ID</th>\n",
       "      <th>VISITOR_TEAM_ID</th>\n",
       "      <th>SEASON</th>\n",
       "      <th>TEAM_ID_home</th>\n",
       "      <th>PTS_home</th>\n",
       "      <th>FG_PCT_home</th>\n",
       "      <th>FT_PCT_home</th>\n",
       "      <th>FG3_PCT_home</th>\n",
       "      <th>AST_home</th>\n",
       "      <th>REB_home</th>\n",
       "      <th>TEAM_ID_away</th>\n",
       "      <th>PTS_away</th>\n",
       "      <th>FG_PCT_away</th>\n",
       "      <th>FT_PCT_away</th>\n",
       "      <th>FG3_PCT_away</th>\n",
       "      <th>AST_away</th>\n",
       "      <th>REB_away</th>\n",
       "      <th>HOME_TEAM_WINS</th>\n",
       "    </tr>\n",
       "  </thead>\n",
       "  <tbody>\n",
       "    <tr>\n",
       "      <th>GAME_ID</th>\n",
       "      <td>1.000000</td>\n",
       "      <td>-0.026778</td>\n",
       "      <td>-0.031991</td>\n",
       "      <td>0.096227</td>\n",
       "      <td>-0.026778</td>\n",
       "      <td>0.032788</td>\n",
       "      <td>0.018327</td>\n",
       "      <td>0.036182</td>\n",
       "      <td>-0.003966</td>\n",
       "      <td>-0.033687</td>\n",
       "      <td>-0.006796</td>\n",
       "      <td>-0.031991</td>\n",
       "      <td>0.002545</td>\n",
       "      <td>0.005403</td>\n",
       "      <td>0.033339</td>\n",
       "      <td>-0.002673</td>\n",
       "      <td>-0.044141</td>\n",
       "      <td>-0.025191</td>\n",
       "      <td>0.031098</td>\n",
       "    </tr>\n",
       "    <tr>\n",
       "      <th>HOME_TEAM_ID</th>\n",
       "      <td>-0.026778</td>\n",
       "      <td>1.000000</td>\n",
       "      <td>-0.046470</td>\n",
       "      <td>0.000090</td>\n",
       "      <td>1.000000</td>\n",
       "      <td>-0.024963</td>\n",
       "      <td>-0.006234</td>\n",
       "      <td>-0.007277</td>\n",
       "      <td>0.003973</td>\n",
       "      <td>-0.099580</td>\n",
       "      <td>-0.028500</td>\n",
       "      <td>-0.046470</td>\n",
       "      <td>-0.009400</td>\n",
       "      <td>0.022041</td>\n",
       "      <td>0.015426</td>\n",
       "      <td>0.015365</td>\n",
       "      <td>-0.070020</td>\n",
       "      <td>-0.029522</td>\n",
       "      <td>-0.021055</td>\n",
       "    </tr>\n",
       "    <tr>\n",
       "      <th>VISITOR_TEAM_ID</th>\n",
       "      <td>-0.031991</td>\n",
       "      <td>-0.046470</td>\n",
       "      <td>1.000000</td>\n",
       "      <td>0.001328</td>\n",
       "      <td>-0.046470</td>\n",
       "      <td>-0.004295</td>\n",
       "      <td>0.033856</td>\n",
       "      <td>0.004875</td>\n",
       "      <td>0.017116</td>\n",
       "      <td>0.015929</td>\n",
       "      <td>-0.007327</td>\n",
       "      <td>1.000000</td>\n",
       "      <td>-0.034266</td>\n",
       "      <td>-0.024115</td>\n",
       "      <td>-0.016243</td>\n",
       "      <td>-0.022183</td>\n",
       "      <td>-0.011684</td>\n",
       "      <td>-0.012371</td>\n",
       "      <td>0.030147</td>\n",
       "    </tr>\n",
       "    <tr>\n",
       "      <th>SEASON</th>\n",
       "      <td>0.096227</td>\n",
       "      <td>0.000090</td>\n",
       "      <td>0.001328</td>\n",
       "      <td>1.000000</td>\n",
       "      <td>0.000090</td>\n",
       "      <td>0.331887</td>\n",
       "      <td>0.037262</td>\n",
       "      <td>0.060855</td>\n",
       "      <td>0.027372</td>\n",
       "      <td>0.179536</td>\n",
       "      <td>0.160434</td>\n",
       "      <td>0.001328</td>\n",
       "      <td>0.363581</td>\n",
       "      <td>0.068175</td>\n",
       "      <td>0.063021</td>\n",
       "      <td>0.020800</td>\n",
       "      <td>0.239630</td>\n",
       "      <td>0.194169</td>\n",
       "      <td>-0.024923</td>\n",
       "    </tr>\n",
       "    <tr>\n",
       "      <th>TEAM_ID_home</th>\n",
       "      <td>-0.026778</td>\n",
       "      <td>1.000000</td>\n",
       "      <td>-0.046470</td>\n",
       "      <td>0.000090</td>\n",
       "      <td>1.000000</td>\n",
       "      <td>-0.024963</td>\n",
       "      <td>-0.006234</td>\n",
       "      <td>-0.007277</td>\n",
       "      <td>0.003973</td>\n",
       "      <td>-0.099580</td>\n",
       "      <td>-0.028500</td>\n",
       "      <td>-0.046470</td>\n",
       "      <td>-0.009400</td>\n",
       "      <td>0.022041</td>\n",
       "      <td>0.015426</td>\n",
       "      <td>0.015365</td>\n",
       "      <td>-0.070020</td>\n",
       "      <td>-0.029522</td>\n",
       "      <td>-0.021055</td>\n",
       "    </tr>\n",
       "    <tr>\n",
       "      <th>PTS_home</th>\n",
       "      <td>0.032788</td>\n",
       "      <td>-0.024963</td>\n",
       "      <td>-0.004295</td>\n",
       "      <td>0.331887</td>\n",
       "      <td>-0.024963</td>\n",
       "      <td>1.000000</td>\n",
       "      <td>0.661914</td>\n",
       "      <td>0.182789</td>\n",
       "      <td>0.424088</td>\n",
       "      <td>0.597182</td>\n",
       "      <td>0.160671</td>\n",
       "      <td>-0.004295</td>\n",
       "      <td>0.482191</td>\n",
       "      <td>0.128406</td>\n",
       "      <td>0.070174</td>\n",
       "      <td>0.058298</td>\n",
       "      <td>0.203546</td>\n",
       "      <td>-0.141043</td>\n",
       "      <td>0.400475</td>\n",
       "    </tr>\n",
       "    <tr>\n",
       "      <th>FG_PCT_home</th>\n",
       "      <td>0.018327</td>\n",
       "      <td>-0.006234</td>\n",
       "      <td>0.033856</td>\n",
       "      <td>0.037262</td>\n",
       "      <td>-0.006234</td>\n",
       "      <td>0.661914</td>\n",
       "      <td>1.000000</td>\n",
       "      <td>0.017738</td>\n",
       "      <td>0.448307</td>\n",
       "      <td>0.548760</td>\n",
       "      <td>-0.191130</td>\n",
       "      <td>0.033856</td>\n",
       "      <td>0.115450</td>\n",
       "      <td>0.041238</td>\n",
       "      <td>0.031214</td>\n",
       "      <td>0.015752</td>\n",
       "      <td>0.013490</td>\n",
       "      <td>-0.465233</td>\n",
       "      <td>0.431291</td>\n",
       "    </tr>\n",
       "    <tr>\n",
       "      <th>FT_PCT_home</th>\n",
       "      <td>0.036182</td>\n",
       "      <td>-0.007277</td>\n",
       "      <td>0.004875</td>\n",
       "      <td>0.060855</td>\n",
       "      <td>-0.007277</td>\n",
       "      <td>0.182789</td>\n",
       "      <td>0.017738</td>\n",
       "      <td>1.000000</td>\n",
       "      <td>0.027616</td>\n",
       "      <td>0.016702</td>\n",
       "      <td>-0.053931</td>\n",
       "      <td>0.004875</td>\n",
       "      <td>0.074022</td>\n",
       "      <td>0.046621</td>\n",
       "      <td>0.035518</td>\n",
       "      <td>0.021804</td>\n",
       "      <td>0.028945</td>\n",
       "      <td>-0.114886</td>\n",
       "      <td>0.091686</td>\n",
       "    </tr>\n",
       "    <tr>\n",
       "      <th>FG3_PCT_home</th>\n",
       "      <td>-0.003966</td>\n",
       "      <td>0.003973</td>\n",
       "      <td>0.017116</td>\n",
       "      <td>0.027372</td>\n",
       "      <td>0.003973</td>\n",
       "      <td>0.424088</td>\n",
       "      <td>0.448307</td>\n",
       "      <td>0.027616</td>\n",
       "      <td>1.000000</td>\n",
       "      <td>0.352734</td>\n",
       "      <td>-0.088833</td>\n",
       "      <td>0.017116</td>\n",
       "      <td>0.049621</td>\n",
       "      <td>0.010071</td>\n",
       "      <td>0.015713</td>\n",
       "      <td>-0.000405</td>\n",
       "      <td>-0.000583</td>\n",
       "      <td>-0.200306</td>\n",
       "      <td>0.298194</td>\n",
       "    </tr>\n",
       "    <tr>\n",
       "      <th>AST_home</th>\n",
       "      <td>-0.033687</td>\n",
       "      <td>-0.099580</td>\n",
       "      <td>0.015929</td>\n",
       "      <td>0.179536</td>\n",
       "      <td>-0.099580</td>\n",
       "      <td>0.597182</td>\n",
       "      <td>0.548760</td>\n",
       "      <td>0.016702</td>\n",
       "      <td>0.352734</td>\n",
       "      <td>1.000000</td>\n",
       "      <td>0.062335</td>\n",
       "      <td>0.015929</td>\n",
       "      <td>0.178877</td>\n",
       "      <td>0.005762</td>\n",
       "      <td>0.026437</td>\n",
       "      <td>-0.006848</td>\n",
       "      <td>0.140302</td>\n",
       "      <td>-0.110252</td>\n",
       "      <td>0.303876</td>\n",
       "    </tr>\n",
       "    <tr>\n",
       "      <th>REB_home</th>\n",
       "      <td>-0.006796</td>\n",
       "      <td>-0.028500</td>\n",
       "      <td>-0.007327</td>\n",
       "      <td>0.160434</td>\n",
       "      <td>-0.028500</td>\n",
       "      <td>0.160671</td>\n",
       "      <td>-0.191130</td>\n",
       "      <td>-0.053931</td>\n",
       "      <td>-0.088833</td>\n",
       "      <td>0.062335</td>\n",
       "      <td>1.000000</td>\n",
       "      <td>-0.007327</td>\n",
       "      <td>-0.152151</td>\n",
       "      <td>-0.473276</td>\n",
       "      <td>-0.115355</td>\n",
       "      <td>-0.204269</td>\n",
       "      <td>-0.100162</td>\n",
       "      <td>0.068808</td>\n",
       "      <td>0.243928</td>\n",
       "    </tr>\n",
       "    <tr>\n",
       "      <th>TEAM_ID_away</th>\n",
       "      <td>-0.031991</td>\n",
       "      <td>-0.046470</td>\n",
       "      <td>1.000000</td>\n",
       "      <td>0.001328</td>\n",
       "      <td>-0.046470</td>\n",
       "      <td>-0.004295</td>\n",
       "      <td>0.033856</td>\n",
       "      <td>0.004875</td>\n",
       "      <td>0.017116</td>\n",
       "      <td>0.015929</td>\n",
       "      <td>-0.007327</td>\n",
       "      <td>1.000000</td>\n",
       "      <td>-0.034266</td>\n",
       "      <td>-0.024115</td>\n",
       "      <td>-0.016243</td>\n",
       "      <td>-0.022183</td>\n",
       "      <td>-0.011684</td>\n",
       "      <td>-0.012371</td>\n",
       "      <td>0.030147</td>\n",
       "    </tr>\n",
       "    <tr>\n",
       "      <th>PTS_away</th>\n",
       "      <td>0.002545</td>\n",
       "      <td>-0.009400</td>\n",
       "      <td>-0.034266</td>\n",
       "      <td>0.363581</td>\n",
       "      <td>-0.009400</td>\n",
       "      <td>0.482191</td>\n",
       "      <td>0.115450</td>\n",
       "      <td>0.074022</td>\n",
       "      <td>0.049621</td>\n",
       "      <td>0.178877</td>\n",
       "      <td>-0.152151</td>\n",
       "      <td>-0.034266</td>\n",
       "      <td>1.000000</td>\n",
       "      <td>0.668619</td>\n",
       "      <td>0.202009</td>\n",
       "      <td>0.409303</td>\n",
       "      <td>0.585310</td>\n",
       "      <td>0.174392</td>\n",
       "      <td>-0.412765</td>\n",
       "    </tr>\n",
       "    <tr>\n",
       "      <th>FG_PCT_away</th>\n",
       "      <td>0.005403</td>\n",
       "      <td>0.022041</td>\n",
       "      <td>-0.024115</td>\n",
       "      <td>0.068175</td>\n",
       "      <td>0.022041</td>\n",
       "      <td>0.128406</td>\n",
       "      <td>0.041238</td>\n",
       "      <td>0.046621</td>\n",
       "      <td>0.010071</td>\n",
       "      <td>0.005762</td>\n",
       "      <td>-0.473276</td>\n",
       "      <td>-0.024115</td>\n",
       "      <td>0.668619</td>\n",
       "      <td>1.000000</td>\n",
       "      <td>0.037426</td>\n",
       "      <td>0.432897</td>\n",
       "      <td>0.522510</td>\n",
       "      <td>-0.172635</td>\n",
       "      <td>-0.433627</td>\n",
       "    </tr>\n",
       "    <tr>\n",
       "      <th>FT_PCT_away</th>\n",
       "      <td>0.033339</td>\n",
       "      <td>0.015426</td>\n",
       "      <td>-0.016243</td>\n",
       "      <td>0.063021</td>\n",
       "      <td>0.015426</td>\n",
       "      <td>0.070174</td>\n",
       "      <td>0.031214</td>\n",
       "      <td>0.035518</td>\n",
       "      <td>0.015713</td>\n",
       "      <td>0.026437</td>\n",
       "      <td>-0.115355</td>\n",
       "      <td>-0.016243</td>\n",
       "      <td>0.202009</td>\n",
       "      <td>0.037426</td>\n",
       "      <td>1.000000</td>\n",
       "      <td>0.031712</td>\n",
       "      <td>0.027023</td>\n",
       "      <td>-0.038645</td>\n",
       "      <td>-0.106003</td>\n",
       "    </tr>\n",
       "    <tr>\n",
       "      <th>FG3_PCT_away</th>\n",
       "      <td>-0.002673</td>\n",
       "      <td>0.015365</td>\n",
       "      <td>-0.022183</td>\n",
       "      <td>0.020800</td>\n",
       "      <td>0.015365</td>\n",
       "      <td>0.058298</td>\n",
       "      <td>0.015752</td>\n",
       "      <td>0.021804</td>\n",
       "      <td>-0.000405</td>\n",
       "      <td>-0.006848</td>\n",
       "      <td>-0.204269</td>\n",
       "      <td>-0.022183</td>\n",
       "      <td>0.409303</td>\n",
       "      <td>0.432897</td>\n",
       "      <td>0.031712</td>\n",
       "      <td>1.000000</td>\n",
       "      <td>0.319428</td>\n",
       "      <td>-0.094978</td>\n",
       "      <td>-0.287495</td>\n",
       "    </tr>\n",
       "    <tr>\n",
       "      <th>AST_away</th>\n",
       "      <td>-0.044141</td>\n",
       "      <td>-0.070020</td>\n",
       "      <td>-0.011684</td>\n",
       "      <td>0.239630</td>\n",
       "      <td>-0.070020</td>\n",
       "      <td>0.203546</td>\n",
       "      <td>0.013490</td>\n",
       "      <td>0.028945</td>\n",
       "      <td>-0.000583</td>\n",
       "      <td>0.140302</td>\n",
       "      <td>-0.100162</td>\n",
       "      <td>-0.011684</td>\n",
       "      <td>0.585310</td>\n",
       "      <td>0.522510</td>\n",
       "      <td>0.027023</td>\n",
       "      <td>0.319428</td>\n",
       "      <td>1.000000</td>\n",
       "      <td>0.066992</td>\n",
       "      <td>-0.292618</td>\n",
       "    </tr>\n",
       "    <tr>\n",
       "      <th>REB_away</th>\n",
       "      <td>-0.025191</td>\n",
       "      <td>-0.029522</td>\n",
       "      <td>-0.012371</td>\n",
       "      <td>0.194169</td>\n",
       "      <td>-0.029522</td>\n",
       "      <td>-0.141043</td>\n",
       "      <td>-0.465233</td>\n",
       "      <td>-0.114886</td>\n",
       "      <td>-0.200306</td>\n",
       "      <td>-0.110252</td>\n",
       "      <td>0.068808</td>\n",
       "      <td>-0.012371</td>\n",
       "      <td>0.174392</td>\n",
       "      <td>-0.172635</td>\n",
       "      <td>-0.038645</td>\n",
       "      <td>-0.094978</td>\n",
       "      <td>0.066992</td>\n",
       "      <td>1.000000</td>\n",
       "      <td>-0.251116</td>\n",
       "    </tr>\n",
       "    <tr>\n",
       "      <th>HOME_TEAM_WINS</th>\n",
       "      <td>0.031098</td>\n",
       "      <td>-0.021055</td>\n",
       "      <td>0.030147</td>\n",
       "      <td>-0.024923</td>\n",
       "      <td>-0.021055</td>\n",
       "      <td>0.400475</td>\n",
       "      <td>0.431291</td>\n",
       "      <td>0.091686</td>\n",
       "      <td>0.298194</td>\n",
       "      <td>0.303876</td>\n",
       "      <td>0.243928</td>\n",
       "      <td>0.030147</td>\n",
       "      <td>-0.412765</td>\n",
       "      <td>-0.433627</td>\n",
       "      <td>-0.106003</td>\n",
       "      <td>-0.287495</td>\n",
       "      <td>-0.292618</td>\n",
       "      <td>-0.251116</td>\n",
       "      <td>1.000000</td>\n",
       "    </tr>\n",
       "  </tbody>\n",
       "</table>\n",
       "</div>"
      ],
      "text/plain": [
       "                  GAME_ID  HOME_TEAM_ID  VISITOR_TEAM_ID    SEASON  \\\n",
       "GAME_ID          1.000000     -0.026778        -0.031991  0.096227   \n",
       "HOME_TEAM_ID    -0.026778      1.000000        -0.046470  0.000090   \n",
       "VISITOR_TEAM_ID -0.031991     -0.046470         1.000000  0.001328   \n",
       "SEASON           0.096227      0.000090         0.001328  1.000000   \n",
       "TEAM_ID_home    -0.026778      1.000000        -0.046470  0.000090   \n",
       "PTS_home         0.032788     -0.024963        -0.004295  0.331887   \n",
       "FG_PCT_home      0.018327     -0.006234         0.033856  0.037262   \n",
       "FT_PCT_home      0.036182     -0.007277         0.004875  0.060855   \n",
       "FG3_PCT_home    -0.003966      0.003973         0.017116  0.027372   \n",
       "AST_home        -0.033687     -0.099580         0.015929  0.179536   \n",
       "REB_home        -0.006796     -0.028500        -0.007327  0.160434   \n",
       "TEAM_ID_away    -0.031991     -0.046470         1.000000  0.001328   \n",
       "PTS_away         0.002545     -0.009400        -0.034266  0.363581   \n",
       "FG_PCT_away      0.005403      0.022041        -0.024115  0.068175   \n",
       "FT_PCT_away      0.033339      0.015426        -0.016243  0.063021   \n",
       "FG3_PCT_away    -0.002673      0.015365        -0.022183  0.020800   \n",
       "AST_away        -0.044141     -0.070020        -0.011684  0.239630   \n",
       "REB_away        -0.025191     -0.029522        -0.012371  0.194169   \n",
       "HOME_TEAM_WINS   0.031098     -0.021055         0.030147 -0.024923   \n",
       "\n",
       "                 TEAM_ID_home  PTS_home  FG_PCT_home  FT_PCT_home  \\\n",
       "GAME_ID             -0.026778  0.032788     0.018327     0.036182   \n",
       "HOME_TEAM_ID         1.000000 -0.024963    -0.006234    -0.007277   \n",
       "VISITOR_TEAM_ID     -0.046470 -0.004295     0.033856     0.004875   \n",
       "SEASON               0.000090  0.331887     0.037262     0.060855   \n",
       "TEAM_ID_home         1.000000 -0.024963    -0.006234    -0.007277   \n",
       "PTS_home            -0.024963  1.000000     0.661914     0.182789   \n",
       "FG_PCT_home         -0.006234  0.661914     1.000000     0.017738   \n",
       "FT_PCT_home         -0.007277  0.182789     0.017738     1.000000   \n",
       "FG3_PCT_home         0.003973  0.424088     0.448307     0.027616   \n",
       "AST_home            -0.099580  0.597182     0.548760     0.016702   \n",
       "REB_home            -0.028500  0.160671    -0.191130    -0.053931   \n",
       "TEAM_ID_away        -0.046470 -0.004295     0.033856     0.004875   \n",
       "PTS_away            -0.009400  0.482191     0.115450     0.074022   \n",
       "FG_PCT_away          0.022041  0.128406     0.041238     0.046621   \n",
       "FT_PCT_away          0.015426  0.070174     0.031214     0.035518   \n",
       "FG3_PCT_away         0.015365  0.058298     0.015752     0.021804   \n",
       "AST_away            -0.070020  0.203546     0.013490     0.028945   \n",
       "REB_away            -0.029522 -0.141043    -0.465233    -0.114886   \n",
       "HOME_TEAM_WINS      -0.021055  0.400475     0.431291     0.091686   \n",
       "\n",
       "                 FG3_PCT_home  AST_home  REB_home  TEAM_ID_away  PTS_away  \\\n",
       "GAME_ID             -0.003966 -0.033687 -0.006796     -0.031991  0.002545   \n",
       "HOME_TEAM_ID         0.003973 -0.099580 -0.028500     -0.046470 -0.009400   \n",
       "VISITOR_TEAM_ID      0.017116  0.015929 -0.007327      1.000000 -0.034266   \n",
       "SEASON               0.027372  0.179536  0.160434      0.001328  0.363581   \n",
       "TEAM_ID_home         0.003973 -0.099580 -0.028500     -0.046470 -0.009400   \n",
       "PTS_home             0.424088  0.597182  0.160671     -0.004295  0.482191   \n",
       "FG_PCT_home          0.448307  0.548760 -0.191130      0.033856  0.115450   \n",
       "FT_PCT_home          0.027616  0.016702 -0.053931      0.004875  0.074022   \n",
       "FG3_PCT_home         1.000000  0.352734 -0.088833      0.017116  0.049621   \n",
       "AST_home             0.352734  1.000000  0.062335      0.015929  0.178877   \n",
       "REB_home            -0.088833  0.062335  1.000000     -0.007327 -0.152151   \n",
       "TEAM_ID_away         0.017116  0.015929 -0.007327      1.000000 -0.034266   \n",
       "PTS_away             0.049621  0.178877 -0.152151     -0.034266  1.000000   \n",
       "FG_PCT_away          0.010071  0.005762 -0.473276     -0.024115  0.668619   \n",
       "FT_PCT_away          0.015713  0.026437 -0.115355     -0.016243  0.202009   \n",
       "FG3_PCT_away        -0.000405 -0.006848 -0.204269     -0.022183  0.409303   \n",
       "AST_away            -0.000583  0.140302 -0.100162     -0.011684  0.585310   \n",
       "REB_away            -0.200306 -0.110252  0.068808     -0.012371  0.174392   \n",
       "HOME_TEAM_WINS       0.298194  0.303876  0.243928      0.030147 -0.412765   \n",
       "\n",
       "                 FG_PCT_away  FT_PCT_away  FG3_PCT_away  AST_away  REB_away  \\\n",
       "GAME_ID             0.005403     0.033339     -0.002673 -0.044141 -0.025191   \n",
       "HOME_TEAM_ID        0.022041     0.015426      0.015365 -0.070020 -0.029522   \n",
       "VISITOR_TEAM_ID    -0.024115    -0.016243     -0.022183 -0.011684 -0.012371   \n",
       "SEASON              0.068175     0.063021      0.020800  0.239630  0.194169   \n",
       "TEAM_ID_home        0.022041     0.015426      0.015365 -0.070020 -0.029522   \n",
       "PTS_home            0.128406     0.070174      0.058298  0.203546 -0.141043   \n",
       "FG_PCT_home         0.041238     0.031214      0.015752  0.013490 -0.465233   \n",
       "FT_PCT_home         0.046621     0.035518      0.021804  0.028945 -0.114886   \n",
       "FG3_PCT_home        0.010071     0.015713     -0.000405 -0.000583 -0.200306   \n",
       "AST_home            0.005762     0.026437     -0.006848  0.140302 -0.110252   \n",
       "REB_home           -0.473276    -0.115355     -0.204269 -0.100162  0.068808   \n",
       "TEAM_ID_away       -0.024115    -0.016243     -0.022183 -0.011684 -0.012371   \n",
       "PTS_away            0.668619     0.202009      0.409303  0.585310  0.174392   \n",
       "FG_PCT_away         1.000000     0.037426      0.432897  0.522510 -0.172635   \n",
       "FT_PCT_away         0.037426     1.000000      0.031712  0.027023 -0.038645   \n",
       "FG3_PCT_away        0.432897     0.031712      1.000000  0.319428 -0.094978   \n",
       "AST_away            0.522510     0.027023      0.319428  1.000000  0.066992   \n",
       "REB_away           -0.172635    -0.038645     -0.094978  0.066992  1.000000   \n",
       "HOME_TEAM_WINS     -0.433627    -0.106003     -0.287495 -0.292618 -0.251116   \n",
       "\n",
       "                 HOME_TEAM_WINS  \n",
       "GAME_ID                0.031098  \n",
       "HOME_TEAM_ID          -0.021055  \n",
       "VISITOR_TEAM_ID        0.030147  \n",
       "SEASON                -0.024923  \n",
       "TEAM_ID_home          -0.021055  \n",
       "PTS_home               0.400475  \n",
       "FG_PCT_home            0.431291  \n",
       "FT_PCT_home            0.091686  \n",
